codes <- list(
  
  bladder_cancer_phecodes = c("189.2"),
  
  breast_cancer_phecodes = c("174.1", "174.11"),
  
  cancer_phecodes = c("145", "145.1", "145.2", "145.3", "145.4", "145.5", "149",
                      "149.1", "149.2", "149.3", "149.4", "149.5", "149.9",
                      "150", "151", "153", "153.2", "153.3", "155", "155.1",
                      "157", "158", "159", "159.2", "159.3", "159.4", "164",
                      "165", "165.1", "170", "170.1", "170.2", "172.1",
                      "172.11", "174", "174.1", "174.11", "174.2", "174.3",
                      "175", "180", "180.1", "180.3", "182", "184", "184.1",
                      "184.11", "184.2", "185", "187", "187.1", "187.2",
                      "187.8", "189", "189.1", "189.11", "189.12", "189.2",
                      "189.21", "189.4", "190", "191", "191.1", "191.11", "193",
                      "194", "195", "195.1", "195.3", "196", "197", "198",
                      "198.1", "198.2", "198.3", "198.4", "198.5", "198.6",
                      "198.7", "199", "199.4", "200", "200.1", "201", "202",
                      "202.2", "202.21", "202.22", "202.23", "202.24", "204",
                      "204.1", "204.11", "204.12", "204.2", "204.21", "204.22",
                      "204.3", "204.4", "209", "860"),
  
  chemo = list(
    chemo_cpt_codes = c(c("96401", "96402", "96405", "96406", "96409", "96411",
                          "96413", "96415", "96416", "96417", "96420", "96422",
                          "96423", "96425"
    )),
    chemo_icd_codes = c("99.25", "Z51.11", "T80.810", "Z92.21",
                        "D61.810", "D64.81", "D70.1", "T45.1X5A", "V58.11",
                        "999.81", "V87.41", "284.11", "285.3", "288.03",
                        "E933.1", "V66.2"),
    chemo_unspec_codes = c("96440", "96446", "96450", "96521", "96522", "96523",
                           "96542","96549")),
  
  colorectal_cancer_phecodes = c("153", "153.2", "153.3"),
  
  heme_malign = list(
    myeloid = c("200", "2001.", "204.2", "204.21", "204.22", "204.3"),
    lymphoid = c("201", "202", "202.2", "202.21", "202.22", "202.23", "202.24",
                 "204.1", "204.11", "204.12", "204.4")
    ),
  
  immunotherapy = list(
    immunotherapy_icd_codes = c("99.28", "00.15", "V58.12", "Z51.12")),
  
  kidney_cancer_phecodes = c("189.1"),
  
  lung_cancer_phecodes = c("165", "165.1"),
  
  prostate_cancer_phecodes = c("185"),
  
  radiation = list(
    radiation_cpt_codes = c("77295", "77296", "77297", "77298", "77299",
                            "77300", "77301","77302", "77303", "77304", "77305",
                            "77306", "77307", "77308", "77309", "77310",
                            "77311", "77312", "77313", "77314", "77315",
                            "77316", "77317", "77318", "77319", "77320",
                            "77321", "77322", "77323", "77324", "77325",
                            "77326", "77327", "77328", "77329", "77330",
                            "77331", "77332", "77333", "77334", "77335",
                            "77336", "77337", "77338", "77339", "77340",
                            "77341", "77342", "77343", "77344", "77345",
                            "77346", "77347", "77348", "77349", "77350",
                            "77351", "77352", "77353", "77354", "77355",
                            "77356", "77357", "77358", "77359", "77360",
                            "77361", "77362", "77363", "77364", "77365",
                            "77366", "77367", "77368", "77369", "77370",
                            "77371", "77372", "77373", "77374", "77375",
                            "77376", "77377", "77378", "77379", "77380",
                            "77381", "77382", "77383", "77384", "77385",
                            "77386", "77387", "77399", "77401", "77402",
                            "77403", "77404", "77405", "77406", "77407",
                            "77408", "77409", "77410", "77411", "77412",
                            "77413", "77414", "77415", "77416", "77417",
                            "77418", "77419", "77420", "77421", "77422",
                            "77423", "77424", "77425", "77427", "77428",
                            "77429", "77430", "77431", "77432", "77433",
                            "77434", "77435", "77436", "77437", "77438",
                            "77439", "77440", "77441", "77442", "77443",
                            "77444", "77445", "77446", "77447", "77448",
                            "77449", "77450", "77451", "77452", "77453",
                            "77454", "77455", "77456", "77457", "77458",
                            "77459", "77460", "77461", "77462", "77463", 
                            "77464", "77465", "77466", "77467", "77468",
                            "77469", "77470", "77471", "77472", "77473",
                            "77474", "77475", "77476", "77477", "77478",
                            "77479", "77480", "77481", "77482", "77483",
                            "77484", "77485", "77486", "77487", "77488",
                            "77489", "77490", "77491", "77492", "77493",
                            "77494", "77495", "77496", "77497", "77498",
                            "77499", "77520", "77521", "77522", "77523",
                            "77524", "77525", "77600", "77601", "77602",
                            "77603", "77604", "77605", "77606", "77607",
                            "77608", "77609", "77610", "77611", "77612",
                            "77613", "77614", "77615", "77620", "77750",
                            "77751", "77752", "77753", "77754", "77755",
                            "77756", "77757", "77758", "77759", "77760",
                            "77761", "77762", "77763", "77764", "77765",
                            "77766", "77767", "77768", "77769", "77770",
                            "77771", "77772", "77773", "77774", "77775",
                            "77776", "77777", "77778", "77779", "77780",
                            "77781", "77782", "77783", "77784", "77785",
                            "77786", "77787", "77788", "77789", "77790",
                            "77791", "77792", "77793", "77794", "77795",
                            "77796", "77797", "77798", "77799"),
    radiation_icd_codes = c("Z51.0", "Z92.3", "V58.0"),
    radiation_unspec_codes = c("T66.XXX", "990")),
  
  skin_cancer_phecodes = c("172.1", "172.11"),